  1    0   10
  2   11    8
  3   13    2
  4   20    7
  5   31   12
  6   37    9
  7   48    9
  8   55    6
  9   58    3
 10   65    8
 11   68    5
 12   75    5
 13   78    2
 14   85    7
 15   88    4
 16   98    1
 17  101    6
 18  109    6
 19  112    3
 20  119    8
 21  122    5
 22  130    5
 23  133    2
 24  141    7
 25  145    4
 26  151   13
 27  162   13
 28  165    4
 29  175    2
 30  179    6
 31  190    4
 32  194    3
 33  205    1
 34  209    5
 35  220    3
 36  225    2
 37  233    7
 38  237    4
 39  246    9
 40  251    6
 41  260    6
 42  264    3
 43  273    8
 44  278    6
 45  288    5
 46  293    3
 47  302    7
 48  307    5
 49  317    9
 50  320    9
 51  329    6
 52  334    4
 53  344    8
 54  349    6
 55  358    5
 56  363    3
 57  373    7
 58  378    5
 59  388    9
 60  394    7
 61  404    6
 62  409    4
 63  419    8
 64  425    6
 65  435    5
 66  441    3
 67  451    7
 68  457    5
 69  467   10
 70  473    7
 71  484    7
 72  490    4
 73  501    9
 74  508    6
 75  519    6
 76  525    8
 77  536    8
 78  543    5
 79  554   10
 80  560    7
 81  571    7
 82  578    4
 83  589    9
 84  595    6
 85  606    6
 86  613    8
 87  624    8
 88  631    5
 89  642   10
 90  649    7
 91  650    7
 92  657    4
 93  668    9
 94  675    6
 95  676    6
 96  684    8
 97  695    8
 98  702    5
 99  703   10
100  711    7
